Cost of the solution: 88
4344
4303
2203
1133
1133

4344
4303
0223
1133
1133

4344
0303
4223
1133
1133

4304
0343
4223
1133
1133

4340
0343
4223
1133
1133

0340
4343
4223
1133
1133

0343
4343
4220
1133
1133

0343
4343
4022
1133
1133

0343
4343
0422
1133
1133

0343
0343
4422
1133
1133

3043
3043
4422
1133
1133

3043
3403
4422
1133
1133

3003
3443
4422
1133
1133

3403
3043
4422
1133
1133

3403
3443
4022
1133
1133

3403
3443
0422
1133
1133

3043
3443
0422
1133
1133

0043
3443
3422
1133
1133

0403
3443
3422
1133
1133

4003
3443
3422
1133
1133

4043
3403
3422
1133
1133

0443
3403
3422
1133
1133

0443
3043
3422
1133
1133

4043
3043
3422
1133
1133

4403
3043
3422
1133
1133

4403
3443
3022
1133
1133

4043
3443
3022
1133
1133

0443
3443
3022
1133
1133

3443
3443
0022
1133
1133

3443
3443
0220
1133
1133

3443
3443
2200
1133
1133

3440
3443
2203
1133
1133

3440
3443
0223
1133
1133

3404
3443
0223
1133
1133

3044
3443
0223
1133
1133

0044
3443
3223
1133
1133

0404
3443
3223
1133
1133

0440
3443
3223
1133
1133

4040
3443
3223
1133
1133

4004
3443
3223
1133
1133

4044
3403
3223
1133
1133

0444
3403
3223
1133
1133

0444
3043
3223
1133
1133

4044
3043
3223
1133
1133

4404
3043
3223
1133
1133

4440
3043
3223
1133
1133

4440
3403
3223
1133
1133

4400
3443
3223
1133
1133

4403
3443
3220
1133
1133

4043
3443
3220
1133
1133

0443
3443
3220
1133
1133

0443
3443
3223
1133
1130

4043
3443
3223
1133
1130

4403
3443
3223
1133
1130

4443
3403
3223
1133
1130

4443
3043
3223
1133
1130

4443
3043
3220
1133
1133

4443
3043
3022
1133
1133

4443
0343
0322
1133
1133

0443
4343
0322
1133
1133

4043
4343
0322
1133
1133

4343
4343
0022
1133
1133

4343
4343
0220
1133
1133

4343
4343
2200
1133
1133

4340
4343
2203
1133
1133

4340
4343
0223
1133
1133

4304
4343
0223
1133
1133

4304
4343
2203
1133
1133

4304
4343
2233
1133
1103

4340
4343
2233
1133
1103

4343
4343
2230
1133
1103

4343
4343
2233
1133
1100

4343
4343
2203
1133
1130

4343
4303
2243
1133
1130

4343
4303
2240
1133
1133

4340
4303
2243
1133
1133

4300
4343
2243
1133
1133

4303
4343
2240
1133
1133

4303
4343
2204
1133
1133

4303
4343
0224
1133
1133

4303
0343
4224
1133
1133

0303
4343
4224
1133
1133

0343
4303
4224
1133
1133

4343
0303
4224
1133
1133

4343
4303
0224
1133
1133

4343
4303
2204
1133
1133

4343
4303
2234
1133
1103

4343
4333
2234
1103
1103

4343
4333
2234
0113
0113

